
 Alen 0.000000
  -107374176.000000
  -107374176.000000
  -107374176.000000
  -107374176.000000
  -107374176.000000
  -107374176.000000
  -107374176.000000
  -107374176.000000
  -107374176.000000
  -107374176.000000
  -107374176.000000
  -107374176.000000
  -107374176.000000
  -107374176.000000
  -107374176.000000
  -107374176.000000
  -107374176.000000
  -107374176.000000
  -107374176.000000
  -107374176.000000
  -107374176.000000
  -107374176.000000
  -107374176.000000
  -107374176.000000
  -107374176.000000
  -107374176.000000
  -107374176.000000
  -107374176.000000
  -107374176.000000
  -107374176.000000
  -107374176.000000
  -107374176.000000
  -107374176.000000
  -107374176.000000
  -107374176.000000
  -107374176.000000
  -107374176.000000
  -107374176.000000
  -107374176.000000
  -107374176.000000
  -107374176.000000
  -107374176.000000
  -107374176.000000
  -107374176.000000
  -107374176.000000
  -107374176.000000
  -107374176.000000
  -107374176.000000
  -107374176.000000
  -107374176.000000
  -107374176.000000
 lk 0.000000
  -107374176.000000
  -107374176.000000
  -107374176.000000
  -107374176.000000
  -107374176.000000
  -107374176.000000
  -107374176.000000
  -107374176.000000
  -107374176.000000
  -107374176.000000
  -107374176.000000
  -107374176.000000
  -107374176.000000
  -107374176.000000
  -107374176.000000
  -107374176.000000
  -107374176.000000
  -107374176.000000
  -107374176.000000
  -107374176.000000
  -107374176.000000
  -107374176.000000
  -107374176.000000
  -107374176.000000
  -107374176.000000
  -107374176.000000
  -107374176.000000
  -107374176.000000
  -107374176.000000
  -107374176.000000
  -107374176.000000
  -107374176.000000
  -107374176.000000
  -107374176.000000
  -107374176.000000
  -107374176.000000
  -107374176.000000
  -107374176.000000
  -107374176.000000
  -107374176.000000
  -107374176.000000
  -107374176.000000
  -107374176.000000
  -107374176.000000
  -107374176.000000
  -107374176.000000
  -107374176.000000
  -107374176.000000
  -107374176.000000
  -107374176.000000
  -107374176.000000
  -107374176.000000
  -107374176.000000
  -107374176.000000
  -107374176.000000
  -107374176.000000
  -107374176.000000
  -107374176.000000
  -107374176.000000
  -107374176.000000
  -107374176.000000
  -107374176.000000
  -107374176.000000
  -107374176.000000
  -107374176.000000
  -107374176.000000
  -107374176.000000
  -107374176.000000
  -107374176.000000
  -107374176.000000
  -107374176.000000
  -107374176.000000
  -107374176.000000
  -107374176.000000
  -107374176.000000
  -107374176.000000
  -107374176.000000
  -107374176.000000
  -107374176.000000
  -107374176.000000
  -107374176.000000
  -107374176.000000
  -107374176.000000
  -107374176.000000
  -107374176.000000
  -107374176.000000
  -107374176.000000
  -107374176.000000
  -107374176.000000
Alen Uglik 3.500000